#year/month/day min avg max2010/01/01 -23.000000 -20.200000 -13.000000
2010/01/02 -14.000000 -13.200000 -9.000000
2010/01/03 -16.000000 -12.800000 -8.000000
2010/01/04 -16.300000 -8.900000 -5.500000
2010/01/05 -15.000000 -13.600000 -11.700000
2010/01/06 -24.100000 -17.300000 -12.900000
2010/01/07 -26.000000 -20.300000 -10.000000
2010/01/08 -15.000000 -4.800000 7.600000
2010/01/09 -11.400000 1.400000 8.100000
2010/01/10 1.000000 5.000000 9.000000
2010/01/11 0.000000 4.100000 10.000000
2010/01/12 -1.000000 5.200000 11.800000
2010/01/13 -0.500000 4.400000 10.200000
2010/01/14 -4.000000 2.500000 9.000000
2010/01/15 -4.900000 1.700000 9.200000
2010/01/16 -4.900000 1.900000 9.600000
2010/01/17 -11.500000 -5.000000 5.900000
2010/01/18 -6.000000 0.300000 9.000000
2010/01/19 -8.500000 -1.300000 9.300000
2010/01/20 -4.000000 -2.200000 3.000000
2010/01/21 -7.000000 -5.300000 3.000000
2010/01/22 -9.200000 -7.900000 -4.500000
2010/01/23 -9.000000 -7.900000 -7.000000
2010/01/24 -9.000000 -8.200000 -7.000000
2010/01/25 -14.000000 -12.100000 -9.000000
2010/01/26 -14.100000 -13.100000 -11.000000
2010/01/27 -20.000000 -15.100000 -6.000000
2010/01/28 -16.000000 -9.800000 0.000000
2010/01/29 -15.900000 -6.900000 0.600000
2010/01/30 -12.800000 -6.600000 -1.000000
2010/01/31 -12.500000 -10.600000 -6.800000
2010/02/01 -10.400000 -6.700000 0.000000
2010/02/02 -10.500000 -6.400000 0.700000
2010/02/03 -9.700000 -7.200000 -3.900000
2010/02/04 -11.000000 -8.000000 -3.000000
2010/02/05 -15.000000 -10.200000 -2.000000
2010/02/06 -17.300000 -12.700000 -1.400000
2010/02/07 -12.000000 -10.300000 -8.000000
2010/02/08 -12.100000 -8.200000 -7.400000
2010/02/09 -14.000000 -8.200000 2.000000
2010/02/10 -14.100000 -2.900000 2.400000
2010/02/11 -13.000000 -5.500000 4.000000
2010/02/12 -11.000000 -3.600000 6.000000
2010/02/13 -12.000000 -7.300000 1.200000
2010/02/14 -8.000000 -6.700000 -2.000000
2010/02/15 -1.400000 0.700000 3.000000
2010/02/16 -3.800000 -1.200000 3.000000
2010/02/17 -2.000000 -0.700000 1.000000
2010/02/18 -2.000000 -0.100000 1.000000
2010/02/19 -8.700000 -4.800000 1.400000
2010/02/20 -15.000000 -7.800000 -2.500000
2010/02/21 -15.000000 -7.500000 6.000000
2010/02/22 -14.800000 -4.300000 6.500000
2010/02/23 -11.000000 -6.000000 4.000000
2010/02/24 -11.800000 2.000000 5.500000
2010/02/25 -2.000000 2.200000 8.000000
2010/02/26 -4.700000 1.400000 8.300000
2010/02/27 -5.000000 -0.100000 6.000000
2010/02/28 -4.000000 1.500000 7.000000
2010/03/01 -3.000000 1.600000 8.000000
2010/03/02 -5.000000 -1.600000 5.900000
2010/03/03 1.000000 4.900000 9.000000
2010/03/04 -3.200000 3.100000 9.700000
2010/03/05 -2.000000 3.200000 9.000000
2010/03/06 -3.000000 2.800000 10.000000
2010/03/07 -4.000000 3.300000 13.000000
2010/03/08 -4.600000 4.300000 13.300000
2010/03/09 -7.100000 -3.200000 6.900000
2010/03/10 -7.000000 -1.800000 6.000000
2010/03/11 -5.100000 0.900000 11.000000
2010/03/12 -4.000000 4.700000 14.000000
2010/03/13 -5.300000 2.600000 14.800000
2010/03/14 -8.000000 -0.700000 9.000000
2010/03/15 -2.000000 5.400000 13.000000
2010/03/16 -1.000000 6.100000 14.000000
2010/03/17 -1.500000 8.200000 14.100000
2010/03/18 -0.200000 3.000000 12.200000
2010/03/19 -6.000000 -2.400000 4.000000
2010/03/20 -4.900000 3.600000 13.000000
2010/03/21 7.000000 10.000000 13.000000
2010/03/22 -2.400000 2.300000 13.800000
2010/03/23 -3.000000 2.600000 10.000000
2010/03/24 -4.100000 -0.800000 11.000000
2010/03/25 -5.000000 -2.200000 10.000000
2010/03/26 -5.500000 4.600000 10.900000
2010/03/27 1.000000 6.600000 14.000000
2010/03/28 3.000000 8.900000 16.000000
2010/03/29 -4.000000 5.800000 16.800000
2010/03/30 -4.000000 3.900000 14.600000
2010/03/31 -0.500000 3.500000 9.100000
2010/04/01 -5.000000 2.100000 9.000000
2010/04/02 -6.000000 2.800000 9.100000
2010/04/03 -1.000000 4.300000 10.000000
2010/04/04 -3.200000 3.900000 9.600000
2010/04/05 -6.000000 1.800000 9.000000
2010/04/06 -4.000000 3.700000 10.000000
2010/04/07 0.000000 6.300000 13.000000
2010/04/08 -1.900000 7.100000 14.100000
2010/04/09 -4.100000 -1.100000 4.000000
2010/04/10 -3.000000 0.100000 5.000000
2010/04/11 -9.400000 -1.900000 6.200000
2010/04/12 -9.400000 -0.600000 3.700000
2010/04/13 -1.000000 -0.200000 2.000000
2010/04/14 1.000000 5.200000 13.000000
2010/04/15 -2.300000 6.700000 13.200000
2010/04/16 -3.100000 5.800000 18.000000
2010/04/17 2.000000 9.500000 20.000000
2010/04/18 0.400000 10.600000 20.500000
2010/04/19 3.800000 11.400000 19.000000
2010/04/20 3.900000 12.800000 21.000000
2010/04/21 2.900000 13.900000 21.400000
2010/04/22 4.400000 12.600000 21.800000
2010/04/23 1.500000 4.800000 16.000000
2010/04/24 -2.300000 4.600000 12.500000
2010/04/25 -2.300000 2.400000 10.700000
2010/04/26 -0.500000 4.800000 10.000000
2010/04/27 -1.300000 4.900000 10.900000
2010/04/28 0.100000 4.000000 8.800000
2010/04/29 -1.000000 0.400000 3.000000
2010/04/30 1.000000 4.700000 11.000000
2010/05/01 -0.400000 6.300000 12.000000
2010/05/02 4.000000 7.700000 13.000000
2010/05/03 1.000000 8.700000 14.100000
2010/05/04 -0.500000 1.600000 13.800000
2010/05/05 -3.600000 -1.700000 1.800000
2010/05/06 -3.200000 -1.300000 3.000000
2010/05/07 -3.300000 0.900000 7.000000
2010/05/08 -3.000000 2.900000 9.000000
2010/05/09 -3.700000 3.600000 10.600000
2010/05/10 -2.500000 3.400000 10.000000
2010/05/11 -1.200000 6.300000 13.000000
2010/05/12 -0.300000 9.200000 18.000000
2010/05/13 -1.000000 11.900000 18.500000
2010/05/14 7.000000 14.100000 19.000000
2010/05/15 8.500000 15.700000 20.000000
2010/05/16 6.000000 15.800000 24.000000
2010/05/17 8.500000 18.000000 25.000000
2010/05/18 7.700000 18.600000 25.600000
2010/05/19 7.700000 16.300000 28.500000
2010/05/20 6.800000 12.200000 21.100000
2010/05/21 2.500000 7.200000 15.800000
2010/05/22 0.800000 5.800000 15.000000
2010/05/23 -1.000000 5.100000 12.000000
2010/05/24 0.500000 8.100000 16.000000
2010/05/25 0.100000 10.600000 16.000000
2010/05/26 3.100000 10.800000 16.900000
2010/05/27 3.000000 8.600000 15.200000
2010/05/28 0.000000 2.200000 5.000000
2010/05/29 0.000000 1.700000 5.000000
2010/05/30 1.000000 2.800000 8.000000
2010/05/31 3.000000 5.300000 9.000000
2010/06/01 2.000000 7.400000 13.000000
2010/06/02 5.000000 11.600000 19.000000
2010/06/03 3.900000 12.800000 19.500000
2010/06/04 3.700000 11.400000 16.400000
2010/06/05 7.000000 12.400000 17.000000
2010/06/06 5.000000 12.600000 19.000000
2010/06/07 4.400000 13.400000 19.600000
2010/06/08 6.700000 9.700000 16.200000
2010/06/09 6.700000 9.900000 16.000000
2010/06/10 4.000000 6.600000 9.500000
2010/06/11 4.000000 7.700000 14.000000
2010/06/12 3.700000 12.200000 22.000000
2010/06/13 7.300000 17.400000 26.000000
2010/06/14 6.700000 15.200000 26.100000
2010/06/15 6.000000 9.100000 20.700000
2010/06/16 6.000000 8.600000 13.300000
2010/06/17 6.200000 8.800000 11.600000
2010/06/18 9.900000 12.300000 17.000000
2010/06/19 7.600000 13.100000 20.000000
2010/06/20 7.500000 15.600000 22.000000
2010/06/21 7.200000 16.600000 22.600000
2010/06/22 8.400000 16.100000 22.500000
2010/06/23 9.800000 15.800000 21.000000
2010/06/24 10.000000 17.200000 25.000000
2010/06/25 9.200000 17.200000 24.700000
2010/06/26 9.200000 16.200000 22.400000
2010/06/27 10.000000 17.800000 25.000000
2010/06/28 15.000000 20.300000 26.000000
2010/06/29 12.400000 19.800000 27.000000
2010/06/30 10.700000 19.000000 27.800000
2010/07/01 7.300000 13.200000 23.500000
2010/07/02 7.300000 13.300000 18.900000
2010/07/03 10.000000 13.800000 20.000000
2010/07/04 9.600000 16.200000 20.800000
2010/07/05 6.600000 11.100000 19.300000
2010/07/06 8.000000 13.800000 20.000000
2010/07/07 11.000000 17.600000 24.000000
2010/07/08 11.100000 19.200000 27.000000
2010/07/09 11.600000 21.200000 28.000000
2010/07/10 11.300000 18.500000 28.800000
2010/07/11 11.000000 14.800000 22.000000
2010/07/12 10.300000 17.600000 24.100000
2010/07/13 8.000000 9.300000 11.000000
2010/07/14 10.200000 14.600000 21.000000
2010/07/15 12.000000 18.700000 26.000000
2010/07/16 11.300000 17.300000 26.600000
2010/07/17 8.900000 14.800000 21.000000
2010/07/18 7.800000 16.800000 21.100000
2010/07/19 10.800000 14.000000 21.500000
2010/07/20 9.100000 13.600000 19.000000
2010/07/21 8.600000 15.700000 21.000000
2010/07/22 10.000000 16.600000 22.000000
2010/07/23 9.400000 14.900000 22.700000
2010/07/24 10.600000 18.300000 27.000000
2010/07/25 10.300000 20.500000 27.100000
2010/07/26 11.300000 18.200000 26.100000
2010/07/27 11.300000 16.700000 22.800000
2010/07/28 12.200000 18.300000 26.000000
2010/07/29 11.900000 19.900000 26.800000
2010/07/30 11.500000 18.400000 25.900000
2010/07/31 10.600000 17.400000 25.900000
2010/08/01 10.600000 16.300000 22.600000
2010/08/02 12.600000 16.400000 21.500000
2010/08/03 10.200000 14.000000 19.300000
2010/08/04 9.100000 15.300000 22.000000
2010/08/05 11.000000 17.400000 23.000000
2010/08/06 13.500000 19.300000 26.000000
2010/08/07 12.700000 19.400000 26.400000
2010/08/08 12.700000 16.400000 25.400000
2010/08/09 11.000000 17.200000 25.000000
2010/08/10 10.100000 15.400000 24.500000
2010/08/11 9.800000 15.500000 22.000000
2010/08/12 9.500000 15.800000 22.600000
2010/08/13 10.000000 12.100000 16.000000
2010/08/14 11.000000 14.300000 19.000000
2010/08/15 9.600000 16.500000 23.000000
2010/08/16 9.300000 17.000000 22.900000
2010/08/17 9.800000 15.300000 22.400000
2010/08/18 12.600000 17.100000 29.000000
2010/08/19 12.500000 19.800000 29.100000
2010/08/20 10.200000 14.700000 23.400000
2010/08/21 9.000000 13.100000 18.000000
2010/08/22 8.400000 13.200000 18.800000
2010/08/23 8.000000 11.200000 17.000000
2010/08/24 6.000000 13.400000 22.000000
2010/08/25 9.700000 17.800000 28.000000
2010/08/26 11.000000 21.200000 31.000000
2010/08/27 7.500000 15.100000 31.400000
2010/08/28 7.500000 12.500000 18.300000
2010/08/29 3.900000 7.200000 16.100000
2010/08/30 5.000000 7.700000 14.000000
2010/08/31 2.800000 10.400000 19.000000
2010/09/01 2.300000 10.700000 19.400000
2010/09/02 4.000000 10.500000 21.000000
2010/09/03 5.500000 14.600000 25.000000
2010/09/04 4.800000 17.200000 25.500000
2010/09/05 6.000000 8.200000 13.500000
2010/09/06 3.000000 8.000000 13.000000
2010/09/07 3.000000 9.400000 14.000000
2010/09/08 2.800000 9.200000 14.100000
2010/09/09 7.000000 8.500000 12.000000
2010/09/10 6.000000 10.300000 15.000000
2010/09/11 5.400000 9.700000 15.700000
2010/09/12 2.000000 7.900000 16.000000
2010/09/13 1.300000 8.700000 16.000000
2010/09/14 5.000000 6.800000 9.000000
2010/09/15 7.000000 8.600000 14.000000
2010/09/16 4.800000 6.100000 13.600000
2010/09/17 1.000000 3.700000 8.000000
2010/09/18 -0.500000 3.100000 7.800000
2010/09/19 -0.500000 4.600000 5.800000
2010/09/20 3.600000 4.400000 5.600000
2010/09/21 0.400000 2.400000 5.000000
2010/09/22 2.000000 5.100000 12.000000
2010/09/23 -1.000000 6.700000 16.000000
2010/09/24 8.000000 11.900000 17.000000
2010/09/25 8.000000 13.800000 25.000000
2010/09/26 6.600000 15.400000 25.100000
2010/09/27 8.000000 13.300000 25.000000
2010/09/28 8.000000 14.900000 25.400000
2010/09/29 2.000000 9.900000 19.000000
2010/09/30 2.100000 11.200000 19.400000
2010/10/01 2.200000 7.800000 15.800000
2010/10/02 5.000000 13.900000 26.000000
2010/10/03 4.200000 13.900000 26.200000
2010/10/04 10.000000 13.300000 20.000000
2010/10/05 5.600000 10.400000 20.000000
2010/10/06 6.000000 13.600000 21.000000
2010/10/07 6.900000 14.100000 22.000000
2010/10/08 5.800000 16.300000 22.300000
2010/10/09 3.700000 12.300000 21.000000
2010/10/10 10.500000 15.400000 22.000000
2010/10/11 4.900000 9.000000 23.500000
2010/10/12 5.300000 8.900000 14.000000
2010/10/13 4.000000 9.600000 15.000000
2010/10/14 0.200000 10.500000 22.000000
2010/10/15 -0.400000 6.800000 22.900000
2010/10/16 -3.900000 1.700000 11.100000
2010/10/17 -5.000000 1.300000 11.000000
2010/10/18 -1.000000 5.500000 15.000000
2010/10/19 10.000000 12.700000 18.000000
2010/10/20 -0.200000 7.800000 18.100000
2010/10/21 3.000000 10.400000 21.000000
2010/10/22 0.700000 5.600000 21.100000
2010/10/23 0.000000 3.400000 8.000000
2010/10/24 -1.000000 1.500000 8.600000
2010/10/25 -1.000000 1.000000 4.700000
2010/10/26 -2.000000 -0.700000 1.500000
2010/10/27 -4.300000 -1.400000 1.400000
2010/10/28 -5.700000 -1.400000 3.000000
2010/10/29 -4.100000 1.100000 12.000000
2010/10/30 -4.500000 3.200000 12.100000
2010/10/31 0.000000 6.200000 13.000000
2010/11/01 -1.000000 5.800000 15.000000
2010/11/02 -1.000000 9.800000 16.100000
2010/11/03 2.000000 7.900000 13.000000
2010/11/04 -3.600000 5.800000 22.000000
2010/11/05 7.000000 13.600000 20.000000
2010/11/06 -5.000000 2.300000 11.000000
2010/11/07 -4.000000 3.900000 17.000000
2010/11/08 -4.500000 4.100000 16.900000
2010/11/09 -7.000000 -1.300000 6.000000
2010/11/10 -7.300000 -1.700000 6.200000
2010/11/11 -8.000000 -3.900000 3.000000
2010/11/12 -9.000000 2.400000 5.200000
2010/11/13 -5.000000 1.600000 11.000000
2010/11/14 -5.700000 4.600000 11.300000
2010/11/15 -3.800000 4.600000 9.700000
2010/11/16 -9.000000 -3.900000 4.200000
2010/11/17 -14.000000 -12.800000 -9.500000
2010/11/18 -17.000000 -14.200000 -12.000000
2010/11/19 -23.700000 -19.600000 -13.200000
2010/11/20 -24.000000 -19.000000 -17.000000
2010/11/21 -23.600000 -17.600000 -16.700000
2010/11/22 -22.000000 -19.300000 -17.700000
2010/11/23 -31.200000 -26.400000 -18.800000
2010/11/24 -27.000000 -22.300000 -10.000000
2010/11/25 -15.000000 -5.300000 2.000000
2010/11/26 -3.000000 0.700000 5.000000
2010/11/27 -11.700000 -3.600000 5.600000
2010/11/28 -11.700000 -6.700000 -0.200000
2010/11/29 -17.000000 -12.200000 -5.000000
2010/11/30 -13.400000 -7.700000 5.000000
2010/12/01 -2.000000 1.600000 3.200000
2010/12/02 -12.100000 -7.100000 3.800000
2010/12/03 -12.400000 -9.900000 -0.300000
2010/12/04 -16.000000 -10.600000 -3.000000
2010/12/05 -17.000000 -11.300000 -1.000000
2010/12/06 -15.800000 -8.200000 3.000000
2010/12/07 -16.100000 -6.300000 3.700000
2010/12/08 -8.000000 -2.900000 8.000000
2010/12/09 -13.400000 -6.400000 8.400000
2010/12/11 -17.000000 -12.600000 -1.000000
2010/12/12 -17.500000 -10.000000 0.300000
2010/12/13 -12.800000 1.500000 8.400000
2010/12/14 -8.500000 -1.900000 7.500000
2010/12/15 -9.000000 -1.100000 3.700000
2010/12/16 -13.100000 -11.500000 -7.900000
2010/12/17 -13.000000 -12.400000 -11.000000
2010/12/18 -13.400000 -11.800000 -10.900000
2010/12/19 -15.000000 -13.400000 -12.600000
2010/12/20 -22.200000 -17.700000 -12.700000
2010/12/21 -18.000000 -13.200000 -4.000000
2010/12/22 -18.200000 -9.200000 -1.000000
2010/12/23 -13.000000 -10.200000 -6.000000
2010/12/24 -12.800000 -8.400000 2.000000
2010/12/25 -8.000000 -1.900000 6.000000
2010/12/26 -9.000000 0.300000 5.900000
2010/12/27 -7.200000 -0.200000 4.600000
2010/12/28 -8.500000 -3.200000 2.100000
2010/12/29 -17.000000 -9.500000 -4.700000
2010/12/30 -19.000000 -17.700000 -16.000000
2010/12/31 -26.000000 -20.700000 -11.000000
