#year/month/day min avg max
2011/01/01 -14.000000 -10.900000 -5.000000
2011/01/02 -8.000000 -5.900000 -4.000000
2011/01/03 -13.100000 -8.900000 -3.600000
2011/01/04 -10.000000 -6.100000 2.000000
2011/01/05 -1.000000 0.900000 5.000000
2011/01/06 -2.000000 2.900000 6.000000
2011/01/07 -6.000000 -3.200000 -1.000000
2011/01/08 -12.000000 -6.700000 1.000000
2011/01/09 -17.100000 -15.600000 -5.900000
2011/01/10 -19.000000 -17.500000 -16.000000
2011/01/11 -23.000000 -20.400000 -16.000000
2011/01/12 -24.200000 -17.700000 -14.300000
2011/01/13 -23.500000 -21.900000 -15.700000
2011/01/14 -24.000000 -23.000000 -21.000000
2011/01/15 -26.000000 -23.700000 -20.000000
2011/01/16 -26.100000 -16.600000 -3.700000
2011/01/17 -24.000000 -21.600000 -17.000000
2011/01/18 -19.000000 -11.200000 -3.000000
2011/01/19 -15.300000 -8.700000 -2.500000
2011/01/20 -16.000000 -6.400000 2.000000
2011/01/21 0.000000 1.500000 5.000000
2011/01/22 -2.000000 1.700000 6.000000
2011/01/23 -1.600000 2.700000 6.100000
2011/01/24 -6.900000 -0.300000 6.200000
2011/01/25 -1.000000 3.100000 9.000000
2011/01/26 3.000000 5.900000 10.000000
2011/01/27 4.000000 7.800000 13.000000
2011/01/28 -5.000000 1.300000 9.500000
2011/01/29 -17.000000 -12.800000 -5.300000
2011/01/30 -22.000000 -19.700000 -17.900000
2011/01/31 -26.000000 -22.300000 -16.000000
2011/02/01 -24.300000 -18.100000 -4.000000
2011/02/02 -9.000000 -5.700000 3.000000
2011/02/03 -3.000000 1.900000 8.000000
2011/02/04 5.000000 6.400000 8.000000
2011/02/05 -2.000000 0.600000 6.600000
2011/02/06 -13.100000 -10.400000 2.000000
2011/02/07 -17.500000 -14.900000 -9.900000
2011/02/08 -20.000000 -16.800000 -10.000000
2011/02/09 -16.000000 -9.900000 -2.000000
2011/02/10 -6.000000 -1.200000 6.000000
2011/02/11 0.000000 3.000000 7.000000
2011/02/12 -1.000000 4.300000 8.000000
2011/02/13 -1.100000 2.900000 8.700000
2011/02/14 -4.600000 0.500000 7.000000
2011/02/15 -4.600000 2.900000 7.600000
2011/02/16 -18.000000 -10.800000 1.800000
2011/02/17 -20.500000 -18.800000 -8.700000
2011/02/18 -23.500000 -21.200000 -16.100000
2011/02/19 -26.000000 -21.700000 -11.000000
2011/02/20 -22.000000 -17.400000 -10.000000
2011/02/21 -16.000000 -6.700000 0.000000
2011/02/22 -15.200000 -8.400000 1.400000
2011/02/23 -20.300000 -17.500000 -6.500000
2011/02/24 -27.200000 -22.900000 -15.900000
2011/02/25 -29.000000 -23.100000 -10.000000
2011/02/26 -19.000000 -9.500000 0.000000
2011/02/27 -17.300000 -7.700000 0.000000
2011/02/28 -25.000000 -20.000000 -10.900000
2011/03/01 -30.700000 -26.600000 -16.900000
2011/03/02 -25.000000 -23.100000 -17.000000
2011/03/03 -24.000000 -19.000000 -8.000000
2011/03/04 -23.500000 -18.100000 -7.600000
2011/03/05 -21.200000 -18.900000 -12.300000
2011/03/06 -22.200000 -18.600000 -15.600000
2011/03/07 -23.000000 -18.700000 -9.000000
2011/03/08 -16.000000 -10.800000 -3.000000
2011/03/09 -9.000000 -2.600000 4.000000
2011/03/10 0.000000 2.700000 7.000000
2011/03/11 -15.000000 -11.400000 3.400000
2011/03/12 -13.000000 -5.300000 5.000000
2011/03/13 -2.000000 1.800000 7.000000
2011/03/14 1.600000 4.700000 9.000000
2011/03/15 -1.000000 3.700000 9.000000
2011/03/16 -1.800000 3.100000 9.100000
2011/03/17 -4.000000 0.000000 7.000000
2011/03/18 -5.300000 -1.100000 7.300000
2011/03/19 -6.000000 -1.900000 5.500000
2011/03/20 -6.500000 -3.600000 2.900000
2011/03/21 -7.000000 -5.100000 -2.000000
2011/03/22 -5.100000 -3.800000 0.000000
2011/03/23 -6.200000 -4.300000 0.600000
2011/03/24 -6.200000 -4.100000 -2.000000
2011/03/25 -8.000000 -6.200000 -4.700000
2011/03/26 -8.000000 -6.400000 -4.000000
2011/03/27 -5.000000 -4.100000 -2.000000
2011/03/28 -5.000000 -3.200000 1.000000
2011/03/29 -6.000000 -0.100000 8.000000
2011/03/30 -1.000000 4.100000 10.000000
2011/03/31 -2.200000 4.200000 10.800000
2011/04/01 -2.000000 1.200000 7.800000
2011/04/02 -3.400000 -1.500000 2.700000
2011/04/03 -5.000000 -1.900000 4.000000
2011/04/04 -3.000000 1.800000 9.000000
2011/04/05 -2.800000 3.300000 9.200000
2011/04/06 -4.800000 0.600000 8.700000
2011/04/07 -4.800000 -1.200000 3.400000
2011/04/08 -9.000000 -2.400000 4.000000
2011/04/09 -1.400000 2.700000 8.000000
2011/04/10 1.600000 6.100000 12.000000
2011/04/11 1.200000 6.400000 12.400000
2011/04/12 -3.000000 1.900000 7.000000
2011/04/13 -5.000000 -0.200000 5.000000
2011/04/14 -4.900000 0.200000 5.200000
2011/04/15 -4.900000 0.200000 6.000000
2011/04/16 -5.000000 -3.400000 -2.000000
2011/04/17 -6.000000 -4.300000 -1.700000
2011/04/18 -11.000000 -5.800000 1.000000
2011/04/19 -9.000000 -3.000000 5.000000
2011/04/20 -3.000000 0.200000 6.000000
2011/04/21 -3.700000 1.300000 6.700000
2011/04/22 -3.000000 2.200000 10.000000
2011/04/23 -1.500000 4.300000 11.000000
2011/04/24 0.900000 6.800000 14.000000
2011/04/25 0.200000 7.300000 14.000000
2011/04/26 0.200000 6.400000 14.600000
2011/04/27 0.600000 7.100000 13.200000
2011/04/28 -0.600000 3.000000 13.700000
2011/04/29 -0.600000 1.700000 7.700000
2011/04/30 -2.000000 3.200000 8.000000
2011/05/01 -1.100000 5.100000 13.000000
2011/05/02 3.900000 10.100000 19.000000
2011/05/03 3.000000 8.400000 14.500000
2011/05/04 0.000000 6.600000 16.000000
2011/05/05 -0.500000 9.200000 16.300000
2011/05/06 2.200000 7.100000 15.300000
2011/05/07 0.700000 5.600000 12.600000
2011/05/08 0.700000 5.100000 12.000000
2011/05/09 2.200000 5.700000 13.000000
2011/05/10 1.500000 9.600000 18.000000
2011/05/11 4.100000 12.800000 20.000000
2011/05/12 5.500000 13.900000 22.000000
2011/05/13 3.500000 10.700000 22.200000
2011/05/14 3.500000 10.800000 17.000000
2011/05/15 1.900000 8.700000 15.900000
2011/05/16 5.100000 10.900000 18.000000
2011/05/17 0.800000 9.900000 19.200000
2011/05/18 0.800000 10.300000 18.600000
2011/05/19 3.000000 9.100000 17.600000
2011/05/20 6.000000 9.300000 15.000000
2011/05/21 5.500000 12.600000 20.000000
2011/05/22 5.400000 12.900000 20.900000
2011/05/23 7.000000 10.300000 13.000000
2011/05/24 2.000000 4.100000 6.000000
2011/05/25 3.800000 5.100000 9.000000
2011/05/26 3.700000 7.200000 9.300000
2011/05/27 4.000000 5.000000 7.900000
2011/05/28 3.100000 6.800000 13.000000
2011/05/29 2.000000 8.400000 14.000000
2011/05/30 1.800000 9.300000 15.000000
2011/05/31 4.000000 10.700000 17.000000
2011/06/01 3.500000 11.000000 17.100000
2011/06/02 5.100000 10.300000 16.700000
2011/06/03 5.100000 11.700000 16.600000
2011/06/04 3.000000 6.900000 16.800000
2011/06/05 9.000000 13.400000 20.000000
2011/06/06 7.400000 10.700000 20.100000
2011/06/07 7.400000 10.600000 14.000000
2011/06/08 7.000000 9.800000 14.400000
2011/06/09 4.700000 10.800000 17.000000
2011/06/10 6.000000 13.800000 22.000000
2011/06/11 6.100000 10.900000 22.400000
2011/06/12 6.900000 11.400000 17.000000
2011/06/13 6.900000 13.200000 18.700000
2011/06/14 7.800000 12.800000 21.000000
2011/06/15 6.700000 11.300000 21.800000
2011/06/16 5.600000 7.600000 15.800000
2011/06/17 5.600000 9.000000 14.000000
2011/06/18 5.500000 10.000000 15.100000
2011/06/19 8.000000 10.700000 17.000000
2011/06/20 9.000000 12.400000 19.000000
2011/06/21 7.500000 13.900000 22.000000
2011/06/22 7.600000 16.100000 23.000000
2011/06/23 7.500000 17.700000 24.000000
2011/06/24 7.800000 12.400000 24.500000
2011/06/25 4.400000 11.200000 17.300000
2011/06/26 4.400000 11.200000 17.900000
2011/06/27 6.300000 14.200000 22.000000
2011/06/28 13.100000 18.700000 25.000000
2011/06/29 10.900000 19.900000 25.900000
2011/06/30 9.500000 15.800000 25.400000
2011/07/01 6.000000 12.000000 19.000000
2011/07/02 8.800000 15.500000 24.000000
2011/07/03 8.000000 17.400000 25.000000
2011/07/04 8.000000 15.000000 21.200000
2011/07/05 9.000000 17.600000 25.000000
2011/07/06 11.000000 19.500000 27.000000
2011/07/07 13.900000 21.000000 27.000000
2011/07/08 10.900000 18.600000 27.100000
2011/07/09 11.500000 14.600000 21.000000
2011/07/10 10.000000 15.000000 22.000000
2011/07/11 9.500000 13.900000 22.000000
2011/07/12 12.000000 15.200000 19.000000
2011/07/13 13.800000 16.300000 21.000000
2011/07/14 10.100000 16.200000 21.900000
2011/07/15 9.400000 14.900000 21.500000
2011/07/16 10.200000 16.700000 23.000000
2011/07/17 11.000000 19.700000 27.000000
2011/07/18 14.600000 21.400000 28.000000
2011/07/19 12.200000 20.100000 28.300000
2011/07/20 8.600000 13.700000 24.600000
2011/07/21 8.300000 15.100000 21.000000
2011/07/22 7.000000 11.400000 20.000000
2011/07/23 5.900000 10.600000 20.000000
2011/07/24 7.000000 15.000000 23.000000
2011/07/25 13.000000 18.600000 25.000000
2011/07/26 9.000000 14.600000 23.100000
2011/07/27 9.000000 12.400000 17.100000
2011/07/28 9.000000 14.500000 21.000000
2011/07/29 9.000000 15.800000 21.600000
2011/07/30 8.000000 14.900000 25.000000
2011/07/31 13.000000 21.000000 29.000000
2011/08/01 10.300000 16.900000 29.200000
2011/08/02 9.300000 17.600000 24.000000
2011/08/03 8.700000 17.400000 23.700000
2011/08/04 11.700000 16.800000 23.000000
2011/08/05 11.000000 18.300000 25.000000
2011/08/06 10.800000 16.000000 25.600000
2011/08/07 6.400000 13.700000 21.400000
2011/08/08 10.800000 15.700000 21.000000
2011/08/09 10.000000 18.100000 25.000000
2011/08/10 9.700000 17.300000 25.600000
2011/08/11 9.500000 13.800000 22.400000
2011/08/12 8.600000 14.200000 22.000000
2011/08/13 10.000000 18.200000 27.000000
2011/08/14 10.700000 20.100000 28.000000
2011/08/15 6.000000 13.200000 25.500000
2011/08/16 6.000000 11.900000 21.000000
2011/08/17 8.500000 16.000000 23.000000
2011/08/18 6.700000 11.900000 23.400000
2011/08/19 4.000000 10.300000 18.000000
2011/08/20 6.000000 13.900000 23.000000
2011/08/21 11.000000 19.500000 29.000000
2011/08/22 10.800000 21.700000 29.500000
2011/08/23 12.000000 18.900000 26.900000
2011/08/24 10.300000 18.600000 28.000000
2011/08/25 9.800000 18.500000 28.500000
2011/08/26 11.000000 16.800000 23.000000
2011/08/27 12.000000 18.900000 27.000000
2011/08/28 11.000000 18.800000 25.700000
2011/08/29 11.000000 19.900000 30.000000
2011/08/30 9.000000 12.700000 21.600000
2011/08/31 6.000000 7.300000 9.100000
2011/09/01 4.000000 7.900000 17.000000
2011/09/02 4.000000 9.700000 17.200000
2011/09/03 3.000000 8.500000 16.000000
2011/09/04 6.000000 13.400000 24.000000
2011/09/05 12.000000 18.200000 26.000000
2011/09/06 10.800000 18.200000 26.000000
2011/09/07 12.000000 18.600000 27.000000
2011/09/08 11.200000 18.600000 27.300000
2011/09/09 10.000000 18.800000 27.000000
2011/09/10 10.300000 18.000000 27.400000
2011/09/11 8.700000 16.200000 23.300000
2011/09/12 7.300000 9.900000 22.300000
2011/09/13 4.700000 8.000000 11.400000
2011/09/14 4.000000 8.800000 16.000000
2011/09/15 5.000000 12.900000 22.000000
2011/09/16 5.200000 14.500000 22.700000
2011/09/17 6.100000 12.000000 18.800000
2011/09/18 3.000000 9.300000 19.000000
2011/09/19 1.800000 9.900000 20.100000
2011/09/20 2.000000 9.100000 16.000000
2011/09/21 5.000000 12.300000 25.000000
2011/09/22 13.400000 18.100000 24.000000
2011/09/23 15.200000 19.800000 28.000000
2011/09/24 14.000000 21.200000 29.000000
2011/09/25 11.600000 19.800000 29.400000
2011/09/26 9.400000 15.600000 28.900000
2011/09/27 7.900000 14.200000 20.300000
2011/09/28 6.000000 10.300000 16.000000
2011/09/29 1.000000 8.200000 17.000000
2011/09/30 10.000000 15.900000 25.000000
2011/10/01 4.500000 10.000000 25.700000
2011/10/02 0.000000 4.900000 12.000000
2011/10/03 1.000000 6.200000 17.000000
2011/10/04 10.000000 12.800000 16.600000
2011/10/05 3.300000 8.200000 17.100000
2011/10/06 3.300000 5.300000 11.000000
2011/10/07 4.000000 5.700000 8.000000
2011/10/08 2.000000 6.300000 12.000000
2011/10/09 4.000000 8.700000 15.000000
2011/10/10 3.400000 7.800000 15.200000
2011/10/11 4.000000 8.700000 15.000000
2011/10/12 2.300000 9.300000 15.800000
2011/10/13 1.400000 5.800000 14.000000
2011/10/14 -2.200000 3.100000 11.800000
2011/10/15 -2.200000 2.900000 9.900000
2011/10/16 -3.000000 2.700000 10.000000
2011/10/17 0.000000 5.800000 14.000000
2011/10/18 3.000000 8.200000 16.000000
2011/10/19 5.700000 10.000000 17.000000
2011/10/20 4.400000 9.100000 16.900000
2011/10/21 -3.000000 1.200000 11.600000
2011/10/22 1.000000 6.700000 12.000000
2011/10/23 -0.500000 5.800000 12.000000
2011/10/24 -2.600000 2.300000 10.600000
2011/10/25 -2.600000 1.700000 7.500000
2011/10/26 -6.000000 1.300000 9.000000
2011/10/27 -6.400000 3.200000 9.500000
2011/10/28 -3.000000 0.700000 7.000000
2011/10/29 1.000000 5.100000 9.000000
2011/10/30 0.000000 6.100000 16.000000
2011/10/31 -1.000000 4.700000 9.900000
2011/11/01 -3.300000 0.700000 8.500000
2011/11/02 -3.000000 2.800000 8.000000
2011/11/03 0.400000 5.000000 8.300000
2011/11/04 -9.000000 -3.900000 4.200000
2011/11/05 -12.000000 -7.200000 1.000000
2011/11/06 -8.000000 -4.800000 2.000000
2011/11/07 -6.000000 -2.600000 3.000000
2011/11/08 -3.000000 0.300000 4.000000
2011/11/09 -6.000000 -1.600000 5.000000
2011/11/10 0.000000 5.600000 12.000000
2011/11/11 0.800000 6.000000 12.500000
2011/11/12 -2.000000 1.100000 4.900000
2011/11/13 -1.000000 1.100000 4.000000
2011/11/14 -7.000000 -3.400000 0.600000
2011/11/15 -10.000000 -7.700000 -5.500000
2011/11/16 -9.000000 -5.300000 0.000000
2011/11/17 -9.200000 -4.700000 0.100000
2011/11/18 -18.000000 -14.600000 -7.300000
2011/11/19 -21.500000 -19.600000 -13.600000
2011/11/20 -21.000000 -16.600000 -7.000000
2011/11/21 -12.000000 -5.400000 4.000000
2011/11/22 -9.300000 2.500000 9.000000
2011/11/23 -3.000000 2.700000 10.000000
2011/11/24 -7.100000 -0.600000 10.000000
2011/11/25 -6.100000 -1.200000 3.000000
2011/11/26 -4.600000 -1.000000 9.000000
2011/11/27 0.900000 6.200000 12.000000
2011/11/28 -4.100000 -0.700000 11.800000
2011/11/29 -2.000000 3.000000 7.000000
2011/11/30 -5.000000 -1.400000 3.900000
2011/12/01 -10.000000 -3.900000 6.000000
2011/12/02 -11.000000 0.700000 6.500000
2011/12/03 -9.000000 -3.800000 4.300000
2011/12/04 -9.000000 -6.800000 2.000000
2011/12/05 -11.200000 -6.500000 0.000000
2011/12/06 -1.000000 2.900000 8.000000
2011/12/07 -11.000000 -5.500000 -1.400000
2011/12/08 -17.400000 -12.500000 -3.900000
2011/12/09 -8.000000 -3.400000 8.000000
2011/12/10 1.000000 5.400000 8.000000
2011/12/11 -5.000000 -2.900000 1.200000
2011/12/12 -9.800000 -7.700000 -0.400000
2011/12/13 -15.000000 -7.300000 -1.000000
2011/12/14 -8.400000 -2.800000 0.900000
2011/12/15 -9.400000 -6.400000 0.600000
2011/12/16 -9.000000 -2.100000 5.000000
2011/12/17 2.000000 5.400000 12.000000
2011/12/18 -3.600000 2.400000 11.900000
2011/12/19 -9.400000 -2.700000 7.800000
2011/12/20 3.000000 5.900000 7.000000
2011/12/21 -7.500000 -2.900000 7.600000
2011/12/22 -9.500000 -2.600000 4.000000
2011/12/23 -1.000000 2.200000 5.000000
2011/12/24 -0.800000 3.600000 5.300000
2011/12/25 1.000000 4.500000 9.000000
2011/12/26 -2.000000 2.000000 6.300000
2011/12/27 -4.000000 1.100000 6.000000
2011/12/28 -9.000000 -0.400000 9.000000
2011/12/29 1.000000 3.200000 6.000000
2011/12/30 -0.600000 0.300000 1.700000
